1704
1685
1684
1684
1683
1679
1669
1662
1651
1640
1629
1620
1610
1603
1598
1588
1580
1573
1567
1560
1552
1545
1533
1527
1516
1507
1498
1492
1484
1473
1467
1458
1451
1444
1436
1427
1415
1408
1401
1390
1383
1372
1364
1356
1345
1339
1332
1323
1315
1309
1300
1291
1283
1275
1269
1254
1250
1240
1230
1222
1216
1212
1204
1198
1188
1181
1173
1167
1155
1147
1140
1131
1123
1119
1112
1105
1096
1091
1084
1074
1067
1058
1053
1044
1039
1032
1020
1015
1008
1000
992
983
979
971
965
955
949
943
937
930
925
917
906
900
891
882
874
867
864
854
847
840
835
830
822
817
804
798
788
780
775
765
760
754
745
736
731
726
721
715
706
700
693
687
679
674
668
660
651
638
633
627
620
610
603
596
584
578
568
562
556
550
542
535
530
525
519
514
506
501
496
489
480
477
472
467
459
454
445
441
435
429
424
421
416
410
405
397
391
386
382
374
370
364
357
355
349
342
338
334
330
324
319
314
312
308
300
300
292
288
284
282
278
276
270
268
263
261
257
253
252
243
241
239
234
233
231
229
225
224
222
219
215
215
212
210
209
205
201
199
196
196
193
191
190
186
184
182
180
178
177
175
173
172
172
171
168
168
166
163
162
160
159
159
158
157
153
153
152
149
148
146
146
146
146
146
144
141
140
138
137
136
135
134
134
134
133
133
132
130
129
129
126
124
124
124
124
122
121
119
119
119
119
119
118
118
117
117
117
117
116
116
115
115
114
114
113
113
111
110
110
110
110
110
110
110
110
110
110
109
108
107
107
107
107
107
107
106
106
106
106
104
104
103
102
102
102
102
101
101
101
101
101
100
100
99
99
99
99
98
98
98
98
96
96
96
96
96
96
95
95
95
95
94
94
94
94
94
94
94
94
94
94
94
94
94
94
94
93
93
93
93
93
93
91
91
91
91
91
91
91
91
91
91
90
90
90
90
90
90
90
90
90
90
90
90
90
90
90
90
90
90
90
90
90
90
90
90
90
90
90
90
90
90
90
90
90
90
90
90
90
90
90
90
90
90
90
90
90
90
90
90
90
90
90
90
90
90
90
90
90
90
90
90
90
90
90
90
90
90
90
90
90
90
90
90
90
90
90
90
90
90
90
90
90
90
90
90
90
90
90
90
90
90
90
90
90
90
90
90
90
90
90
90
90
90
90
90
90
90
90
90
90
90
90
90
90
90
90
90
90
90
90
90
90
90
90
90
90
90
90
90
90
90
90
90
90
90
90
90
90
90
90
90
90
90
90
90
90
90
90
90
90
90
90
90
90
90
90
90
90
90
90
90
90
90
90
90
90
90
90
90
90
90
90
90
90
90
90
90
90
90
90
90
90
90
90
90
90
90
90
90
90
90
90
90
90
90
90
90
90
90
90
90
90
90
90
90
90
90
90
90
90
90
90
90
90
90
90
90
90
90
90
90
90
90
90
90
90
90
90
90
90
90
90
90
90
90
90
90
90
90
90
90
90
90
90
90
90
90
90
90
90
90
90
90
90
90
90
90
90
90
90
90
90
90
90
90
90
90
90
90
90
90
90
90
90
90
90
90
90
90
90
90
90
90
90
90
90
90
90
90
90
90
90
90
90
90
90
90
90
90
90
90
90
90
90
90
90
90
90
90
90
90
90
90
90
90
90
90
90
90
90
90
90
90
90
90
90
90
90
90
90
90
90
90
90
90
90
90
90
90
90
90
90
90
90
90
90
90
90
90
90
90
90
90
90
90
90
90
90
90
90
90
90
90
90
90
90
90
90
90
90
90
90
90
90
90
90
90
90
90
90
90
90
90
90
90
90
90
90
90
90
90
90
90
90
90
90
90
90
90
90
90
90
90
90
90
90
90
90